7431371482
7480489194
6269059543
6279907559
9053099103
7082167688
6023476971
7574768531
8840365118
9190931311
8610105411
8625931289
8068092477
6448760538
9595600955
9303631969
8860000074
7871542502
9628916215
9029343128
8293809608
8787559044
7380454134
9982491301
6319508165
9251071911
6837005184
8290840818
6959262705
9226591239
8678048738
9983004065
9263170722
6403939315
8592275133
7369740011
9430707959
8531838695
7580203004
6929126277
8225853061
6492484142
9824890838
6069170472
9713601495
7029551831
7689295272
9363216069
9711606588
6472453301
8731907926
6066232042
8160765954
6429429859
6517831265
6743016281
6579955898
9255857916
6773724382
9856479670
9161588553
6039799200
8607035124
8936873132
8995816350
9706720457
8151287789
8685872893
8718139209
8521149752
8891788356
9309700339
9360551746
7519009885
7125262319
7533963259
8523852163
6120149266
8174145033
6029449547
7176685253
7655695804
9108667572
7043996353
6896487323
7229503304
9830514129
6657155041
7992983626
7240096068
8456939482
8712558873
6373408447
7170567762
7041014996
8333788109
6638502468
9189795968
6823166517
9431088142
9572746070
9384396265
6673961340
8876929776
6598912177
8098053838
8219508858
6313511504
8268006570
8926799897
9494972771
9329075363
8412155875
6218185123
9654471277
8479028121
9678832641
9593590797
7537081570
9220869104
8298101496
9622482071
6966091863
6368498661
9123238075
8327403602
7228970237
8993452431
9256330021
7954471419
6260846861
8255040830
6267414560
8086787551
8313962701
7725889282
9196927535
6197132116
9249464814
9413351438
7792965214
7731174118
8829493937
6527251243
8023502168
7931928939
9173993456
7543797325
8666211567
9383004386
6628833259
9600473381
6491798832
6405429146
6630336329
8677131756
8206703428
8683434365
7361999177
6648274037
7514983096
7030409559
9318915520
9770296982
7604355970
6793890095
8877207283
9785130573
9809691477
6643950049
6978505464
8939517409
9556732945
6029869113
7246582446
8457727333
7482443027
7542276786
8372300986
9078779633
6726253578
8645254887
9275692549
8693001893
9966550847
6115582523
8755419943
7589709316
9403094896
6455301402
8639115095
8433328789
9872637829
9177096111
7354930455
9572444361
6691154519
6024303521
7019495743
7371558700
9360549073
8559453009
7268323320
6743775186
9942330752
9033819130
7681744442
9105631497
6512706049
8483018831
9940464828
7730121863
9495471565
8872265822
9445694952
7511208008
8077387966
9774383601
9985075554
6015767052
7829169493
8590357069
7430288445
6966701810
9692573463
6141601342
9799098531
9933705554
7339906851
7453589730
8068237932
8916982869
9367134193
6149909675
7269014157
8131643774
9274723321
8981828152
9357028398
8809375981
7057533946
6601002477
7052382207
8510116178
8150970188
9606151088
6770973499
7998021035
6600316502
7797538576
9722874283
8433870733
7332212222
7395446748
7430610304
8539784907
8939784105
9613085818
9661288828
8665303736
7784920779
8911808496
8464974115
9975028812
7028021491
7306906083
8399928898
9846293952
7235163128
7680792178
6451234144
7844938697
8362231375
6737382068
6265012546
9716836635
6221016366
9535872160
8287267116
7518023274
8430705803
9948749450
8568799832
9163200911
7729860781
8624822479
9181842284
7638861075
7839343195
9725117053
9921048023
7590823727
6445362499
7059366396
8780806432
8092199396
7901365651
9183639146
7642763992
7697198044
7133447627
8952130395
7095825007
9906035869
9019363217
6446083937
8830300829
6651118265
6286969313
7930738423
6396663366
8974136017
9397215268
9333706535
9625181291
8988126749
6288015157
7650099908
7502039924
8611350038
8249389784
6193610398
7861224902
9693490595
8770706148
7370636655
8023317914
8827041815
8079132831
6880837540
9333657616
7360834136
8068951943
8754881013
6251879547
6072643107
9542464925
9439584819
9855298325
7740286534
9684783811
7380840942
9260239269
8341086186
9877970252
7868813326
6190099153
9595130225
8667700026
7723790831
9327690641
8396429806
7978112258
6904710973
9183491969
8716823418
9321911935
7133993074
7566302912
8043261533
8371953388
6343848915
9832287681
8479931027
6026295137
7510146329
8805474537
9378533265
9979358482
7405586221
8419993434
6890134321
6839805670
7063947941
9713712048
6835470968
9853123049
7798424551
6278871159
9264036260
6902519057
9751317880
8927053409
9620381762
7781451237
7990650616
6142160622
6117931485
7741199579
7075572214
8327287063
8015652330
6998500339
6085177645
6149984417
9782134904
9487849972
8424540696
9540301386
7773756554
6807172903
7250130649
8037475552
7475489184
7137594120
6402991173
7050705283
7902198921
9973339429
8388182950
6392533595
8979317476
8863645434
8886315485
7275029433
7123905391
7267703851
9564110801
9181071897
8423002111
8830586128
7347989312
6931313015
6941925861
9806954711
7738221515
6359999057
9284192321
7737403272
8300721116
9798145722
8344906465
7911146477
7914977979
8739786498
8431409523
8371935181
7083078698
9608685061
9271578630
8548008443
8943263768
8266260441
7585031931
8243896235
6630565360
7829056451
7343829304
7559688306
9370455031
9298628933
7301200914
9211091802
9922622531
6133046932
8480258304
7309410615
9380340412
6212863379
8449399176
7177014717
6590100371
6572340416
6506570476
9160082735
9524812074
6838015301
7225897437
6743463275
9342592555
9171447938
7805906287
9984313385
8257968261
9196721155
9209847408
9807392698
9258826624
9509967164
9309431405
9800496385
7772676123
9219622831
6914787730
9900558160
7371852140
9698564196
7639270666
9146787340
7240624792
8276549326
9683075413
8710524284
6679836375
6602858199
6372555235
9269504763
9364533878
6183716856
6858974197
8565723135
8321715403
8319510049
7175027635
6967552041
6794185123
8766433778
6693499217
9363221210
6867447476
8353904971
6298291323
9088892420
8594732364
9033344607
6400358541
7366225995
6332782056
8467790734
7977021552
6781770710
7488111288
6023805626
8490057132
8215756049
6116931249
7530548330
6454142870
8632882964
6355242462
7012968434
9897106834
6162215650
8487246732
7090534185
7598715232
6459731409
9482336571
7229944240
6034427878
7996865113
9975065699
6193960808
6070478405
9736666797
6305971362
8449344222
9279434397
8360055720
9278084157
6486074784
8389864469
7126473095
6005586967
8530244050
8856663716
8569797031
9043248495
9862138751
8897721448
9899909502
8069269135
6532616631
7862510406
9043557564
9448094575
6471238169
9370012469
6470274982
6895488898
6050655250
6952486049
9062694021
8071509091
7143309168
7353786785
7182095498
8225846818
8941960172
9069875197
6432012708
9460843263
8768109089
7767338061
8360069952
9503494373
7762711255
9699643122
6073442295
6757535274
9719370559
7907485173
9914598188
9966403443
6125138983
7537374232
6604169513
7504830373
7408132151
8629979642
8079557231
9476388112
8849540645
9122115464
9153577217
8507268298
8432605506
8129770794
7425409731
9210137770
6527178900
7600388423
6167660176
6348959755
9988558829
9077643371
7100838932
7527779341
7675981324
7812451427
7372996074
8555095068
9137953576
6487394670
6362066346
9932293060
8368378760
8463429606
6116778133
8736909700
7464457270
8356147934
8522685488
7446034405
7075191140
6312821604
6825727068
8844024552
6206997077
9852159923
9753991525
7032891941
7753873487
8153133418
7900938932
9505261496
6642595831
6968817894
8090617792
8745802568
7884275762
8933739658
6985004960
7869672073
9189457358
6474118358
6411502616
7010874117
6853129067
7171281874
9970900909
6717505141
6499113732
7255029394
9435307136
9427050157
6638757212
9121611308
6603276938
7774492605
7917808579
7535935160
7541463586
8897968714
9495233596
6308739035
8176408410
6597335489
7048771584
7550955778
9521912361
8446793417
7700936823
8722430537
9524890654
8162616255
9357289349
9934004592
9577634003
6495841884
7855633091
6248611181
7894711249
7272229919
8286088859
6090393841
7868622259
8409604978
8322765429
8629028045
8868949626
6870893846
6783206196
9777683852
6473826114
6664520339
9036928287
6072783764
8409344330
9566105024
6730266857
8017925736
9383650694
9326568855
6563040575
9589356059
7032490531
8082731747
9953778513
9057799676
9672361474
9369072527
9858033900
9535134140
7966501308
8398187607
6461331129
9607970678
6114765532
9369416791
7689689314
6375572076
9605156974
8949299639
7735931743
6653051410
7671312371
6114082205
6223554350
9485187554
6003347088
8314366031
7935082093
7794809495
9014729041
6366498954
6755981245
9684557537
7614553106
7838721396
6186368849
9147671401
7217606424
8798218596
9405064952
9134743242
7779784306
7364818722
9606184502
9201451301
8212040026
7391936426
8149452011
9793132719
9423673431
6926153669
6459908317
9384943700
9875380301
7990893348
9153069529
8028452341
9750713060
6279906838
6011763030
6958962832
7883166051
7769296631
6057739265
8494443105
7928859578
6929356637
7317460601
7012757868
7903978561
8038604692
9856557604
8944325115
8372783937
9535024220
9809103354
9149757227
6092004803
8936816679
6624392832
7196664012
8101638133
7040553691
6031593650
6495580249
7603429338
8299872006
7829905845
6468559682
8981724272
8767700418
9214580925
6240193691
8768895728
6479976740
8587515371
9796431973
8325778705
7187537414
9303965575
8367294578
8870400420
7161725057
7592662030
8318885866
9929594077
7473767467
9265536110
9327836795
8904803770
7529002984
8915083008
7514138958
8829890016
6735312122
6914480384
9597402772
8134412898
8242887900
7911542170
9308399912
7389505693
7133186518
7803153515
7013450873
6912496110
8183364389
7125076306
6058375041
7944446938
9859905723
6222060938
6258772355
8928811979
6338913676
8193510114
8983202481
6827736734
8683427499
6100808850
9900183492
8607224449
6738137114
9145330395
7563463787
8990793271
6382512998
8226364379
9113944356
8218486484
9155784692
6284402474
8184872531
6182503461
7042690681
8565051228
7300418415
7993043613
7306516281
7472691505
9225452768
8350242819
8468932083
7058781030
9941297764
6308293735
8391497379
8747970745
7960798456
9857407024
8366683882
8442861360
8995944517
7679428527
9187425456
8717397868
7320391035
9226278876
6791205067
9421984957
8488131616
8097056837
8426336419
9331944391
9209381330
6616952465
7852189688
8254736093
9920099632
6318850285
7695900629
9339247815
7975063395
9332532433
7552582873
6633058751
9113424912
6121967539
9256024000
7839633794
7155619707
7900915164
6364269505
9833692512
8497999894
8906539164
8058551512
9955142475
8971719139
9178616021
7050370480
9665951780
6904949209
7236341913
6960410553
9102128520
9756837580
7469124536
7311499279
8619351607
9319544054
6228694589
6662428224
6005640568
8954604366
8518437732
6896646622
7947356104
8561162091
6114746093
6117036751
6168896437
6320898397
9221828554
6249300134
9171139352
6576332131
9269022646
7827211829
6906308860
7471340078
7243529778
9975735117
6462431381
6110704597
9921630955
6109374138
7932190567
6191326814
6072823795
7691271724
7887824294
6404776988
6346605525
6813131284
8803912345
9859547151
8118646946
6075017052
8058827211
6198136837
7279776177
6909535211
9982311236
9450184599
8459152682
9153355576
8638749322
7767989624
8987407792
6098597578
8043614718
8419707188
8775144770
7399802299
8225421782
9692401441
7261063405
9049825129
7940829469
8181174607
6990676163
7481322257
7152985014
8786894399
6259517786
7257412418
9060895418
8084067403
8598860213
6035347068
7917861138
9464121624
6079118873
6136022895
6773699246
9802641573
6524507229
6878996037
6479631024
7266199304
7198677409
8881744705
8184423081
7011886366
6707054311
6965607866
9047400108
8756041311
9462533730
6319305645
8161282680
7393394688
9683050250
7744580537
8093695159
9607125351
7635387832
6668696958
9631791006
7369301972
7496154475
6556985874
6246310311
9199723972
9816779097
6378977361
9898254607
8894559007
6568673675
8774955348
6444094834
6494289629
8351079345
7604464460
7683271615
9866629901
8674045368
9801717986
9787771907
8014603660
8460599906
7951552713
8060116001
9355842029
9851018847
7806885422
6571842343
7734149174
8178573266
7089427998
7639782863
6051849053
7944116211
9066052873
7889177800
7167380628
9778021528
8137963115
9328717516
9848731836
6841194607
9977785029
8843548421
6124722546
7981332155
6477608162
8480700841
7146673974
6267623458
8554585512
6203803389
6676417448
8231391721
9410591053
7030635793
7860648334
6347739118
8884542947
6969278844
8871019464
8211598970
6095356690
7600193202
7857380186
6139333430
7543249403
8295283127
6160752895
9530649830
7816630191
9030867675
7156482979
9211970304
7018137711
6980886739
8168438715
9652170940
8778147242
6121452959
6338662497
8120052055
9748252341
8848863551
7725231528
7334686718
8365084706
6707072171
7578600278
7433364570
6864749193
8513432177
7365988517
7185913219
6144890393
7979348637
8756850393
8851240847
9596218863
6570727798
9351880132
9794509738
6405237541
6263203082
6402835721
7197802984
9756309129
8132244326
7335328463
9884893554
9142193650
8349991320
7696372181
7013807051
6614243796
6225418313
7895873782
9151327955
6680075685
6125508597
7861894887
7526297988
9756096825
8703276029
8220441939
8375541463
8437138939
8255856538
6705710650
8947492129
6518607097
9235217547
7851684831
8427068541
7893074948
9626210224
8341594576
6027227676
8581900265
7672365658
7003578126
7429180886
8883938986
6475368245
9497203777
8444649651
7907751660
8416782418
7270524958
8064764904
7266076627
7038321922
7469567732
6309466991
9838140220
7768518238
7750083145
7273126114
6403633628
6452048270
7322166382
6340423036
8755358550
7635422017
7177937664
7189964639
8218246483
7271702375
8675014447
7724525382
8161532722
9927475779
9737442603
7831338260
8837532846
6582877258
7773583366
6568738832
6047806378
7764386433
7469945345
9862696440
6838609984
8059325986
6509059371
8082393154
9294277973
7520272694
9225568050
6544093312
8034490115
7038286896
9468316125
7256785956
6798536692
7443995636
8558499996
6047071283
8496573122
7751159022
8608185108
7655293378
8657619108
7255468833
6117152019
7645813689
7328244891
9156398422
9537098389
8665315554
8538699930
9332661902
7101833142
8523697509
6940723311
8844499377
6610425408
9860682144
7539452225
8774687492
9140739290
7505312764
7156729534
8694494492
9212348051
8291475701
7306306789
8705037834
9855142809
9806387422
9241614910
8605724622
6752426986
7149043603
8669205000
6925413993
8984437387
8293117134
6769880279
9987424445
8462492726
8098917551
8486288532
7902206117
9205448212
7828211392
8827592962
6809628291
9304144142
9543123059
7615035823
8804416362
7821699736
8921542134
6109965836
9581206781
7302061340
7772185881
7775080102
9642794707
6644239261
6221115541
7191873274
6328990115
8113452444
8472075816
6667354544
7859229810
9375994227
9266812041
9351857637
6810809880
6870297788
6727827374
7461187113
6431360654
8041027053
7748859727
8178508189
6299015966
8188604966
8197262047
8057447301
7570870448
8276406657
8438125356
9095335353
9440403068
9074425852
7190297339
6591356414
6356484283
9185319779
6294378113
7055278835
8665058155
7195865891
7956148392
7163047281
7669385423
9368908068
8022026230
9351549328
6456847541
8590748658
7895868601
7650702013
8195323616
7981580783
8629703302
8058391176
8973939392
7964057916
6485827987
7842280689
7863251864
9524868141
8088035224
6456362203
7033362380
9077862186
8291125288
8941228886
9136306645
8857143694
6794742028
7538792323
8860660474
9733660617
6176461665
6299726796
6574168931
8047348667
8922606155
6972674782
7231186660
8110682343
9321998516
7533151038
8444161321
6289087654
9166163322
7361185692
8880213875
6679280096
8286535419
6621207108
7770864117
6816187906
6678545160
9948201665
8872256434
7080817864
7198477770
9630307573
6995161143
7216614268
8680515677
9616216915
9575828892
8701394524
9277218520
9270939280
8527891851
9793646749
6059240097
7557590899
7703827632
7244820144
6731740287
6995792566
8253226564
8778443456
9763242027
6018564404
6109960159
7733392682
6648494074
8079808094
8829003799
8943051232
6799858690
6730977650
6767320460
7220840752
6197821692
8211693672
8124773579
7245619240
8162527840
6804970983
6216928924
9351565475
9936895269
7564836169
8153994494
9991853272
9363032896
8164979032
9222157042
8792835846
9338423475
6823209035
7515462065
7811910408
6916048658
8730479096
9394254151
8957284817
9610089459
8630742398
6112638909
8698787721
9926139028
6227912189
9267400580
7676174085
8555516156
7008066372
6665534653
8596603781
9568376963
8143470698
6324077026
6775472062
9583658125
7716009845
9569565614
7589909159
8883885897
8717302390
9157471303
9981981340
6493878341
7768292294
8872829436
9133938936
8201611532
6076091044
6005814353
6359805587
6644368996
9180486980
6439098139
7547087113
9333550500
6350683857
6534938393
9611796745
6550296139
7240050216
6187690184
8518343851
6751516697
7832386379
8776560709
7766389184
6265337011
8117164281
8134227440
6410521948
8838681456
8647249426
9280163214
8721853706
7790699660
7661909857
6946155167
9379227859
9663704115
7755173637
9711635416
9600961496
7781639141
6366756151
9178451254
8075302546
9920190291
8763947564
9758604749
6062650298
7463703967
8111827046
8510893361
9467441594
6569712438
7226084698
9104230986
9365440163
8156840594
9147936786
7318618882
7786271322
6191451585
6546759342
9613583213
6937577844
9451969019
7919818017
9957247464
9437306269
7279670467
6696625102
7972180364
7734087312
7915561133
7061799442
8738533180
8513641172
6947868809
8706474653
8285511242
7708406720
6122458458
7311034952
9486902403
9388087822
9692563943
6310934401
9745505245
9857708339
8002377237
9739416728
9166650843
9252001164
7204333410
8853981664
6602371014
9768996631
7510781652
7526156730
6808606096
9409060389
8326164507
8336528170
6275624888
8764002237
9476694237
6221496863
7322107859
6807682345
8400785907
6230827456
9587932345
6999594282
9224384853
7047121084
7729642613
9508945270
6800712474
6425147135
6270807910
9052344866
6643463026
7909627112
9247384620
8581459491
9406828986
8684149647
8787719188
7439153348
7816204359
9553463788
8015409923
6133830255
7683832394
7114174160
7804349422
9603589906
9058808059
6385814279
7847897683
8718186064
6930358072
7027027235
7134558541
7545259606
6429698375
9408885423
6756742094
8904238868
9908123956
8117535275
7753036906
6755512145
9635887776
9125004495
6668124120
9955017109
7210646405
7282231526
6460703941
7393347814
7342387925
8928462292
7088121349
7521706770
9386951931
7129240937
7281415803
6890497500
7506031981
7360480240
7943593299
8150111062
7818088583
8546256793
8651003842
6201954350
8261072082
6648572805
9665588473
7754069203
7061632838
8453152631
7909879728
7372973461
6273282753
6755492338
8340889563
6018436489
6024605452
8484525901
9173306790
9445072409
6817081439
7993823044
7819953513
8307107211
8184787887
9747314794
9013159367
9027490117
6559236465
8217987990
8127740973
8708657582
8434727290
9516582995
8909136339
6744691281
7775128528
6206682658
6257212226
7899321114
8449455307
8618397857
6652319049
8970868251
9719120880
9471462558
8351752816
6507756261
9347960239
7504611166
6048860317
7976314687
8705425229
9360439132
9073794006
8648810311
6610945510
7622522135
6148866697
7859443794
7360379430
7588327413
9044079854
9640731547
6118411807
6437634135
8032559046
6261777553
6447480970
6191137976
6006149092
8395466369
6253935034
7706851279
7441002022
8255236463
7332675071
7679579116
8002877220
6511441460
9660262718
6646653828
7259593175
9001023845
7393146339
9345247512
9906259473
7242844920
9879122328
6304189240
7463247615
6387838623
7151971791
6205663541
7707015627
7987711418
6722089042
6262572090
9726431914
8865534515
9836807850
8633853819
9784659637
7355915701
6614274330
6347427009
8816329774
9874215652
6051343469
9596090527
6551966586
7182103096
6441349709
9639268481
9946919239
8515505275
6745857808
7981121253
8829387120
9515129041
7518508677
8705505583
8654755950
7169946656
6115179059
9501723229
8403876940
9068810732
6713703117
6159465878
6211545217
8356476244
7996173254
9757599158
6537055523
6504078434
6410185381
6364996484
8232009398
8061197042
6565069721
7529034215
7147735764
8941441161
6209415152
8551330990
7200778759
9278508938
7308618615
7108823462
9410128398
6471721125
8153903300
8607159369
8266652545
8989556344
8868663564
6608669705
9151199332
8928203055
8947836476
8726107785
6771110256
6669643113
6857225754
6778899325
6352595920
6103207915
7756056777
9889590910
9583048857
7616043604
6557172668
6947570590
7731043126
9453934550
9300277470
9449079111
9148776279
6595209239
8299286668
7188185241
9629870804
9778581625
9452745018
6252452065
7443391374
6168246096
8687432043
7752711934
9383981869
9492796181
6513803666
8865145657
9741234164
6558558842
7430077985
7831114464
8396933494
8106480239
7059647218
6893270913
6319193570
8309180172
6102540326
7378539621
9168285411
9223273153
6076135261
6187574288
6532719129
8036448793
9118907183
8368040748
9321146608
8442344729
8930337148
9477714911
6437465345
9187035569
7514060276
9511008553
6211984764
6605364389
8695713006
6718240035
6793627744
6363891019
7860124064
9995793250
8133112375
9913646453
6899232160
8623308764
7428087826
6822471183
8180847399
9733484028
9279259874
6204031300
8220829733
7927232980
7614889896
9268572500
8800073526
8145287083
8786306276
8776769519
9061875248
9977236458
7868341169
6801779048
7246251608
6276553250
7688569758
7416945462
8510469010
8370101011
9729658158
9708412695
9031379701
8168589061
8569946935
8657107689
6856972905
9329165734
7652952897
6340460053
8659234536
6961349791
7909124600
9019739347
8384829698
9242143517
6601682689
8837037326
8292091464
7369262206
7947260909
7599870500
8872350326
6816319939
9652123057
7808023398
8424520135
8385950591
9909658282
6396198562
9483248798
6088363167
7978363665
6360431412
6336638696
9318726511
9766125563
6527251968
6424327151
8968344234
9534420035
6740594380
8208982485
7072477138
6367954870
7893746940
8726490349
7859593735
8843708510
6218628143
8998329473
8280698185
9143777430
6407023766
8472104655
6193084123
8586765434
6411206809
6600384145
6814277142
7547151893
9865397029
6987864857
9762969167
9850959016
7966778017
9985905683
6519284034
9037275534
6250866233
6795721852
9956107893
9091735109
7958425692
9590357406
8767859533
6083331906
7804032861
6790167386
9128247283
8566674863
8780442892
8553173313
9957054842
6888199542
7621588249
7100096902
7751926985
8433486246
6552879914
7911509200
6731993186
7254344753
9402035535
6668223947
8127031273
6449258330
8336795381
7298475292
7607151145
7250710445
8852314167
